1129690
1130114
1129398
1130565
1129520
1129685
1129708
1130614
1128304
1129306
1128650
1128502
1129012
1129936
1130131
1129287
1129385
1130515
1129947
1128963
1129261
1130275
1130182
1129177
1130106
1129611
1129282
1128971
1128452
1130403
1128534
1128864
1130760
1129905
1128824
1128839
1130075
1130694
1129266
1129031
1130609
1128894
1128741
1129990
1130047
1128468
1129243
1128844
1129387
1130695
1128573
1129479
1130199
1128508
1128367
1128284
1128161
1130055
1130099
1128362
1129344
1130763
1129913
1129677
1130251
1128632
1129083
1129462
1128803
1128998
1128444
1130490
1129305
1130479
1129302
1130072
1128194
1128793
1130284
1128435
1128685
1130279
1129758
1128340
1130778
1128456
1130196
1130673
1128876
1129241
1129704
1128500
1129290
1129807
1128834
1128972
1128792
1130645
1129467
1129130
1128204
1129691
1130093
1130418
1130860
1129163
1129791
1128482
1130136
1130024
1129463
1128238
1129504
1128843
1129831
1129784
1129454
1130444
1129645
1128627
1129785
1128571
1129673
1130651
1130289
1130707